738
0
0
0
0
4811
0
0
0
0
0
0
0
0
0
0
11827
0
1384
0
1877
0
0
0
0
5839
0
0
0
0
0
0
0
0
0
0
0
0
13457
0
0
0
0
0
0
0
0
0
0
0
0
0
0
0
0
16878
0
0
0
0
0
0
0
0
9594
0
0
0
0
0
6384
0
0
0
4139
0
0
0
3413
0
0
0
0
5290
0
0
0
0
5680
0
0
0
0
0
5857
0
0
0
0
0
6349
0
0
0
0
0
0
7087
0
0
0
0
0
0
7032
0
0
0
0
5690
0
0
0
0
5097
0
0
0
0
0
0
7010
0
0
0
0
0
0
0
8245
0
0
0
0
0
0
0
0
8925
0
0
0
0
0
0
0
0
9050
0
0
0
0
0
0
0
8653
0
0
0
0
0
0
0
7716
0
0
0
0
0
6786
0
0
0
0
0
6005
0
0
0
0
0
0
0
7769
0
0
0
0
0
0
7340
0
0
0
0
0
0
7009
0
0
0
0
0
6449
0
0
0
0
0
5845
0
0
0
4903
0
0
0
3655
0
0
3083
0
0
3497
0
0
0
3533
0
0
3388
0
0
3099
0
0
2759
0
2421
0
1806
1512
0
1751
1511
