2
17
409
201
2582
176
652
218
0
15
45
138
17
9601
1710
5
249
87
336
20
4277
231957
1
624
723
11
3967
473
194
1729
1322
257
741
3196
11
1719
2159
4
22
14
60
2644
1326
218
15
438
1697
498
2053
557
707
848
174
1111
1480
1780
73
165
322
8
3
2868
1231
570
530
676
739
44
8
98
1094
149
33
1062
885
32
1108
1819
528
353
823
57
649
0
265
4785
376
20
80618
3
44
61
30614
3
1230
1085
893
183
538
56
40
1660
646
751
111
5
60
86
882
433
46
9
1598
3
374
32
19
1523
2850
11
1821
4678
31
150
10
4
9
2194
3
4
1011
731
8291
555
3
8
24
1274
7
1096
84
5975
659
414
284
63
91
62
1342
542
29
244
63
121
477
327
705
2
220
18
38
1218
7
722
530
27
1688
63
59
307
673
2515
4
896
44
254
73
11
1032
6437
31
890
997
1049
23
66
7
3501
1393
2295
6290
88
3801
328
261
43
3424
55
502
9919
17
656
1492
342
720
1424
253
309
1649
286
8645
26607
910
32
187
81
13
329
4941
19
1
1325
29
19
657
9
131
143
136
236
309
11
39
15
1532
503
5
6
1
7
30
11192
72
24
1147
264
16
143
5
36
2
409
401
61
94
42
588
309
682
34
131
4
14
1588
380
2493
13
21
2730
723
854
1537
1540
270
285
5722
897
4
168
229
8616
111
666
186
7
1270
732
75
1010
168
3496
2119
7
611
35
1400
10
3598
557
117
1113
51
17
42
378
18
27
3413
571
223
1543
344
7
131
168
746
1881
255
857
426
114
6236
245
509
253
55
103
174
39136
207
116
763
57
1191
1433
182
2
1511
1710
2875
1549
15
1165
82
1893
744
57
467
983
3724
249
23
95
510
4285
602
11203
5
63
84
374
3
7
346
634
160
95
943
481
24
34
14
347
120
112
683
163
2
68
1570
10
1130
1279
795
2093
20
878
119
307
175
190
1335
270
79
86
226
254
2175
42
253
665
2050
948
84
141
3826
3151
6839
232
142
142
1507
95
1217
63
262
177
305
252
1799
1926
615
3045
384
2649
2047
562
154
168
783
491
1122
52
248
1093
476
390
426
536
43
474
267
1
80
1304
12
482
28
1104
229
176
190
2726
157
804
579
424
781
131
1450
2452
162
543
13
928
9
707
326
56
982
429
3
30
41
190
721
1192
236
4556
473
287
196
147
449
2400
179
1293
10
790
119
5169
538
941
112
874
176
155
56
2078
53
131
1504
374
131
54
351
262
339
946
2531
1972
494
735
247
328
163
21107
258
32
1762
1572
670
4464
1264
11918
482
246
324
477
1142
173
557
111
82
491
365
1
310
99
478
2980
377
462
59
1111
843
486
74
0
1
308
273
1327
69
51
312
806
4564
343
135
28
32
442
331
67
24
0
1753
1628
834
52
0
11
433
84
3583
5
99
77
372
216
900
768
1738
17
2051
506
395
82
62
408
29
616
447
80
1276
16
141
213
429
223
2408
215
1489
506
91
990
1963
670
152
796
181
1106
131
676
1533
230
205
144
2161
9
1483
1571
716
