1
0
2
0
2
0
0
0
10
37
0
0
0
0
0
38
16
0
20530
7
1
0
0
0
0
0
0
0
0
0
0
0
0
0
0
0
0
0
0
0
2
0
0
0
4
179
14
2
0
0
0
0
1
2
0
0
28
0
27
0
0
4
0
0
0
0
0
0
0
0
0
0
0
0
2
1
0
0
4
0
0
0
1
0
9
0
0
0
0
5
0
0
0
2
1
20
1
0
0
5
0
0
0
1
2
10
1
0
172
0
0
1
0
0
2
0
0
33
0
0
0
0
2
9
0
1
0
0
0
0
1
15
0
1
0
0
0
1
5
0
0
121
0
0
34
0
0
0
0
0
0
0
0
0
0
11
0
1
0
119
0
0
2
0
0
0
2
0
0
0
0
0
0
0
4
0
0
0
12
0
0
9
1
0
0
0
198
0
0
0
0
0
0
0
0
22
0
196
0
0
0
0
3
0
0
24
0
2
3
8
0
3
0
8
0
2
141143
13
0
0
0
0
0
0
0
28
10
0
1
0
0
0
1
0
0
0
0
7
0
0
0
0
0
0
0
1
0
2307
0
0
2
0
0
0
0
28
0
0
1
0
0
0
0
2
0
0
0
55
0
17
0
0
3
0
0
0
0
0
10
0
0
0
0
0
0
1
0
0
0
0
0
0
0
0
0
0
0
0
0
0
0
3
7
0
1
3
5
0
0
0
0
0
0
0
0
0
0
0
1
0
0
2
0
0
0
0
19
0
0
0
0
0
0
1
0
0
0
0
145
1
0
1
0
24
0
0
7
0
6
0
0
1
3
2
0
0
0
0
1
33
0
0
0
0
7
0
0
0
0
102
62
0
0
5
5
0
1
0
0
0
1
0
0
0
0
0
0
0
0
0
3
0
57
0
0
0
1
0
0
3
0
0
0
1
1
0
0
0
0
1
0
1
3
0
0
0
2
0
0
0
0
10
0
0
0
0
0
0
0
6
1
1
4
0
2
0
0
0
0
0
0
0
0
0
0
0
3
0
7
23
0
0
0
38
0
0
1
0
0
0
0
2
0
0
0
109
0
16
0
0
0
0
0
0
0
1
0
0
0
8
0
0
0
0
0
0
1
0
1
0
0
0
0
0
1
0
5
0
0
0
0
0
0
1
0
2
9
10
0
0
0
0
4
0
0
0
0
0
0
0
0
0
0
0
0
0
0
0
26
0
0
1
0
6
0
0
0
0
0
38
0
0
0
0
0
0
0
0
0
0
0
0
0
0
19422
1
0
29
1
0
0
15
2
0
0
324
5661
0
0
2
1
56
44
0
0
2
0
0
25
1
63
0
0
0
0
1
0
0
0
0
0
0
0
0
0
0
0
0
0
2
0
0
0
2
0
1
1
0
10
97
0
5
0
0
1
2
0
0
4
2
0
0
0
0
1
0
0
3
80
6
0
0
1
1
0
1
3
0
0
1
0
0
1
1
4
0
0
14
0
0
0
0
0
0
0
0
0
0
0
0
0
0
0
0
0
0
0
1
0
0
0
0
0
0
0
0
1
0
1
1
9
0
0
2
0
0
1
3
0
0
0
8
0
0
0
1
5
0
0
2
0
0
0
0
3
0
42
0
0
1
5
0
4
0
0
0
0
0
0
0
2
0
0
0
0
0
0
0
0
2
0
0
2
0
0
0
134
74
0
0
0
0
0
0
0
0
0
0
0
0
0
2
24
0
0
25
1454
64
70
0
3
0
0
2
0
0
0
31
1
0
0
0
1
0
0
0
0
0
0
1
0
0
0
0
2
0
0
0
0
0
0
2
0
0
0
0
0
0
0
0
0
0
0
0
0
1
2
0
0
0
2
0
0
0
0
0
0
0
0
1
0
0
0
0
1
0
0
0
0
0
2
0
1
0
0
0
9
0
0
123
0
0
0
0
0
0
0
0
0
0
27
0
0
0
0
0
3
0
0
0
0
0
0
0
0
0
0
2
0
44
0
0
0
8
0
0
2
0
0
0
0
0
0
0
6
0
0
0
0
0
0
0
0
2
0
1
0
0
0
0
3
0
0
0
2
0
0
0
0
0
0
0
0
0
0
0
3
0
6
0
0
0
0
0
0
0
0
880
0
0
6
1
0
8
0
0
4
0
0
1
0
4
0
0
1
2
26
26
0
83
2
0
0
0
0
0
0
1
0
0
0
0
0
0
0
0
0
0
0
0
0
0
0
1
0
0
0
0
0
1
2
0
0
0
0
3
56
0
0
0
0
0
0
0
7
0
0
75
0
48
