1
1
1
1
556
395
3
6606
1
1
5
1
2918
2
3
1
489
1
2
1
1
5
1
1
1
716
2
9
469
2
1
3
386
2
36
2
1263
1077
1
2
1
2
3
236
1
672
1782
20
2
6
1429
1
2
6
9
2
1
1588
363
3069
714
6531
6
1412
2485
2
386
1
6029
663
783
1
2
2
373
1
3793
1
430
303
1063
3322
366
4
426
126
1771
1
1
4
23
28
394
494
128
2
2
1
1541
7
7527
198
1
1386
1
552
29
342
1837
48
413
2
3
1
1536
337
389
6
22
1
162
3
1
1
120
10
1333
570
466
136
263
3
2205
1568
1
72
476
366
1
1
1
1806
530
2
1
1
0
1
361
1
416
29
5504
2360
1872
1
426
1
1904
829
1
76
1241
1199
1
6
2
5858
3
2
1
2
1
2
5775
2
1
1
1
1
1
2
751
545
1
3
3
3
92
1
91
2
72
1
1
1
1
2
38
1
14
567
1
397
1
1
336
2
3
77
1
2
1
1591
743
1
570
3
3272
4625
1094
1
1712
821
6
4
7
350
22
1
1
73
1
8
1
2
2
2683
2576
1779
8
1977
1856
2
2
2086
11
483
2
2
2
1477
2
1
2
1
3738
196
698
10
517
2
2066
1250
445
2
1
17
1
1535
2
76
130
