1
2
2
10
37
38
16
20530
7
1
2
4
179
14
2
1
2
28
27
4
2
1
4
1
9
5
2
1
20
1
5
1
2
10
1
172
1
2
33
2
9
1
1
15
1
1
5
121
34
11
1
119
2
2
4
12
9
1
198
22
196
3
24
2
3
8
3
8
2
141143
13
28
10
1
1
7
1
2307
2
28
1
2
55
17
3
10
1
3
7
1
3
5
1
2
19
1
145
1
1
24
7
6
1
3
2
1
33
7
102
62
5
5
1
1
3
57
1
3
1
1
1
1
3
2
10
6
1
1
4
2
3
7
23
38
1
2
109
16
1
8
1
1
1
5
1
2
9
10
4
26
1
6
38
19422
1
29
1
15
2
324
5661
2
1
56
44
2
25
1
63
1
2
2
1
1
10
97
5
1
2
4
2
1
3
80
6
1
1
1
3
1
1
1
4
14
1
1
1
1
9
2
1
3
8
1
5
2
3
42
1
5
4
2
2
2
134
74
2
24
25
1454
64
70
3
2
31
1
1
1
2
2
1
2
2
1
1
2
1
9
123
27
3
2
44
8
2
6
2
1
3
2
3
6
880
6
1
8
4
1
4
1
2
26
26
83
2
1
1
1
2
3
56
7
75
48
